25.90   90.15
25.65   91.69
25.59   91.03
25.49   90.69
25.39   90.41
25.34   90.28
25.30   90.39
25.29   90.47
25.27   90.37
25.27   90.13
25.25   90.07
25.27   90.29
25.29   90.52
25.29   90.51
25.28   90.52
25.29   90.57
25.29   90.67
25.29   90.70
25.29   90.73
25.30   90.77
25.31   90.83
25.30   90.83
25.29   90.79
25.30   90.81
25.30   90.84
25.30   90.84
25.31   90.92
25.30   90.98
25.30   91.01
25.29   91.00
25.30   91.08
25.30   91.10
25.30   91.15
25.30   91.18
25.31   91.26
25.30   91.21
25.30   91.18
25.29   91.13
25.29   91.14
25.28   91.10
25.28   91.17
25.28   91.16
25.28   91.08
25.27   91.03
25.27   91.03
25.25   91.01
25.25   91.06
25.24   91.06
25.24   91.06
25.24   91.09
25.24   91.19
25.24   91.15
25.23   91.12
25.22   91.15
25.23   91.15
25.23   91.13
25.22   91.16
25.23   91.14
25.22   91.10
25.23   91.08
25.21   91.07
25.21   91.06
25.22   91.12
25.21   91.11
25.22   91.03
25.21   91.03
25.21   91.04
25.20   91.04
25.20   91.14
25.21   91.12
25.20   91.13
25.19   91.18
25.20   91.15
25.19   91.16
25.21   91.20
25.19   91.21
25.21   91.19
25.20   91.19
25.19   91.24
25.19   91.29
25.20   91.29
25.20   91.29
25.19   91.27
25.18   91.28
25.18   91.26
25.18   91.23
25.18   91.22
25.18   91.20
25.19   91.26
25.18   91.33
25.20   91.39
25.20   91.38
25.18   91.42
25.20   91.38
25.18   91.31
25.20   91.34
25.19   91.35
25.18   91.32
25.18   91.29
25.18   91.32
25.17   91.34
25.18   91.32
25.16   91.25
25.16   91.19
25.15   91.26
25.14   91.26
25.13   91.30
25.15   91.26
25.14   91.32
25.13   91.26
25.14   91.29
25.13   91.32
25.13   91.30
25.12   91.30
25.12   91.32
25.10   91.32
25.07   90.67
25.10   90.53
25.13   90.13
25.18   90.70
25.21   90.98
25.23   91.00
25.23   90.98
25.23   91.10
25.24   91.35
25.24   91.35
25.25   91.31
25.24   91.25
25.24   91.23
25.24   91.13
25.25   91.23
25.24   91.11
25.24   91.07
25.25   90.78
25.23   90.43
25.23   90.29
25.24   90.14
25.24   90.32
25.27   90.68
25.25   90.75
25.25   90.95
25.24   90.59
25.24   90.90
25.24   90.88
25.24   90.66
25.22   90.66
25.23   91.00
25.25   91.27
25.22   90.96
25.25   91.18
25.24   91.07
25.24   91.28
25.24   91.30
25.23   91.38
25.24   91.48
25.23   91.35
25.22   90.95
25.21   90.98
25.21   90.95
25.21   90.88
25.22   90.87
25.22   91.00
25.21   90.89
25.22   91.01
25.20   90.72
25.19   90.81
25.19   90.77
25.18   90.71
25.16   90.98
25.13   90.61
25.14   90.61
25.10   90.50
25.12   90.87
25.08   90.36
25.09   90.67
25.09   90.57
25.09   90.93
25.10   90.97
25.09   90.78
25.08   90.64
25.06   90.77
25.06   90.69
25.06   90.54
25.05   90.17
25.05   90.36
25.05   90.25
25.04   90.42
25.04   90.54
25.05   90.37
25.04   90.30
25.03   90.06
25.04   90.45
25.04   90.85
25.04   90.79
25.03   90.54
25.02   90.87
25.02   90.85
25.02   90.62
25.01   90.67
25.03   90.69
25.00   90.44
25.01   90.47
25.01   90.94
25.00   90.81
24.99   90.70
25.00   90.91
24.99   91.03
25.00   90.94
25.01   91.16
25.00   90.88
25.00   90.91
25.01   90.92
25.00   90.65
25.00   90.52
24.99   90.36
24.97   89.86
24.99   90.01
24.99   89.76
24.98   89.51
25.00   89.73
25.00   89.83
24.99   89.68
24.99   89.42
24.99   89.03
25.01   89.52
25.01   89.77
25.01   89.71
25.01   89.52
25.01   89.20
25.03   89.86
25.02   89.75
25.02   89.94
25.02   89.87
25.04   89.88
25.03   89.96
25.03   90.10
25.05   90.00
25.05   90.23
25.06   90.51
25.06   90.31
25.06   90.15
25.07   89.97
25.07   89.72
25.08   89.89
25.08   89.83
25.08   90.11
25.09   90.20
25.10   90.10
25.12   90.36
25.09   89.70
25.10   89.78
25.12   89.65
